55.0 -130.0
54.5 -130.0
54.0 -130.0
53.5 -130.0
53.0 -129.5
52.5 -128.5
52.0 -128.0
51.5 -128.0
51.0 -128.0
50.5 -127.5
50.0 -127.0
49.5 -126.0
49.0 -125.0
48.5 -124.5
48.0 -124.5
47.5 -124.5
47.0 -124.0
46.5 -124.0
46.0 -124.0
45.5 -124.0
45.0 -124.0
44.5 -124.0
44.0 -124.0
43.5 -124.0
43.0 -124.5
42.5 -124.5
42.0 -124.0
41.5 -124.0
41.0 -124.0
40.5 -124.0
40.0 -124.0
39.5 -123.5
39.0 -123.5
38.5 -123.0
38.0 -123.0
37.5 -122.5
37.0 -122.5
36.5 -122.0
36.0 -121.5
35.5 -121.0
35.0 -120.5
34.5 -120.0
34.0 -118.5
33.5 -117.5
33.0 -117.5
32.5 -117.0
32.0 -117.0
31.5 -116.5
31.0 -116.5
30.5 -116.0
30.0 -115.5
29.5 -115.5
29.0 -114.5
28.5 -114.0
28.0 -114.5
27.5 -114.5
27.0 -114.0
26.5 -113.0
26.0 -112.0
25.5 -112.0
25.0 -112.0
